love seat: 
  x: -2.85849690437
  y: 4.31294775009
  pan: 1.01
  tilt: -0.40
left side of the couch: 
  x: -1.46802759171
  y: 3.67897200584
  pan: 0.34
  tilt: -0.40
right side of the couch:
  x: -1.10754239559
  y: 3.05113005638
  pan: 0
  tilt: -0.40
